img = imread('lena_gray_512.tif');
w3 = [0.0625 0.125 0.0625; 0.125 0.25 0.125; 0.0625 0.125 0.25];
w7 = [0.0002 0.0014 0.0028 0.0019 0.0002 0.0014 0.0028; 0.0014 0.0100 0.0175 0.0107 0.0014 0.0100 0.0175; 0.0028 0.0175 0.0300 0.0175 0.0028 0.0175 0.0300; 0.0019 0.0107 0.0175 0.0107 0.0019 0.0107 0.0175; 0.0002 0.0014 0.0028 0.0019 0.0002 0.0014 0.0028; 0.0014 0.0100 0.0175 0.0107 0.0014 0.0100 0.0175; 0.0028 0.0175 0.0300 0.0175 0.0028 0.0175 0.0300] * 1/0.4655;

new_image = my_filter(img, w7);
imshow(new_image)
